camera_matrix:
- [604.0479047456918, 0.0, 330.6866219148032]
- [0.0, 603.300275448766, 228.90651706970073]
- [0.0, 0.0, 1.0]
dist_coefs:
- [0.10791122956909449, -0.2901883486399044, -0.006547118273465017, 0.0083533868991794,
  0.2099991586252483]
rms: 0.3207503117007169
