image_width: 640
image_height: 480
camera_name: camera
camera_matrix:
  rows: 3
  cols: 3
  data: [713.019968, 0.000000, 345.992562, 0.000000, 712.856943, 240.310337, 0.000000, 0.000000, 1.000000]
distortion_model: plumb_bob
distortion_coefficients:
  rows: 1
  cols: 5
  data: [-0.306166, 0.123601, -0.003022, 0.006425, 0.000000]
rectification_matrix:
  rows: 3
  cols: 3
  data: [1.000000, 0.000000, 0.000000, 0.000000, 1.000000, 0.000000, 0.000000, 0.000000, 1.000000]
projection_matrix:
  rows: 3
  cols: 4
  data: [664.661743, 0.000000, 353.197384, 0.000000, 0.000000, 687.052979, 239.470733, 0.000000, 0.000000, 0.000000, 1.000000, 0.000000]
